129 127 124 122 108 99 94 88 73 70 63 58 52 45 42 39 35 24 17 
128 126 122 116 115 114 110 106 105 100 91 90 89 85 81 64 60 42 36 
127 122 120 116 110 106 105 100 96 89 81 76 60 36 32 21 6 
126 120 116 106 104 96 90 85 70 69 60 55 49 42 41 40 27 21 14 
125 123 113 112 111 110 103 102 100 88 87 86 80 64 59 36 20 
124 121 120 113 103 102 100 95 86 85 80 75 59 39 38 
123 120 113 103 101 95 87 67 66 64 59 54 48 39 38 37 26 
119 117 113 110 99 98 96 95 84 83 82 80 60 59 34 33 32 31 25 19 4 
118 115 114 113 111 110 99 98 96 95 82 81 74 35 34 33 32 31 19 12 4 
117 114 111 110 99 97 83 80 63 62 60 53 47 34 32 31 19 12 4 
109 107 103 100 99 98 97 96 95 79 78 77 75 74 55 54 53 29 27 26 25 11 3 
108 105 104 103 101 100 99 95 77 76 74 53 30 28 26 18 3 
107 104 101 100 99 78 75 58 57 55 53 46 29 28 27 26 25 18 11 
94 92 88 85 84 83 82 81 80 79 78 76 75 49 48 47 23 22 20 18 10 
93 90 89 88 86 85 84 80 79 78 76 75 74 47 23 
92 89 86 85 84 79 77 74 52 51 49 47 46 24 21 18 10 
73 71 67 64 63 62 61 60 59 58 57 55 54 52 51 50 48 47 17 14 13 11 1 
72 69 68 67 65 64 63 59 58 57 55 54 53 50 49 47 46 16 15 14 11 
71 68 65 64 63 58 56 53 51 48 13 12 1 
45 43 39 36 35 34 33 32 31 30 29 27 26 24 23 22 20 19 14 13 12 9 4 3 1 
44 41 40 39 37 36 35 31 30 29 27 26 25 22 21 19 18 12 8 7 6 4 3 
43 40 37 36 35 30 28 25 23 20 17 16 14 12 11 10 9 8 6 5 3 2 0 
